257192,
327253,
452619,
288653,
24942,
335024,
43171,
461743,
502116,
25045,
42150,
38493,
463760,
452648,
34695,
34695,
452619,
335962,
257192,
452619,
452619,
35899,
452619,
452619,
452619,
221653,
221653,
359139,
330512,
43171,
28636,
334399,
336782,
359680,
257192,
25420,
268357,
440090,
474401,
5215,
303593,
257192,
257192,
268357,
268357,
268357,
42611,
442839,
455597,
42611,
452619,
421694,
452619,
452619,
452619,
452619,
452619,
452619,
452619,
25045,
31462,
479669,
58877,
473493,
336334,
442839,
304203,
442839,
304203,
43127,
43127,
43127,
43127,
43127,
452649,
353785,
468992,
257264,
334624,
356839,
14728,
27052,
491400,
1926,
28523,
56256,
16433,
22782,
35822,
41102,
54493,
368101,
334624,
316841,
403031,
15828,
41102,
45372,
508500,
55950,
41473,
65005,
302958,
303593,
25045,
268357,
227462,
334551,
54880,
289989,
289949,
55188,
268357,
268357,
268357,
52834,
13548,
58857,
58790,
333523,
333523,
333523,
333523,
54082,
289989,
289949,
289976,
289989,
289949,
289976,
289989,
289949,
289976,
289989,
289949,
289976,
289989,
289949,
289976,
289989,
289949,
289976,
289989,
289949,
289976,
289989,
289949,
289976,
47165,
3864,
362666,
358988,
367004,
335954,
246465,
459205,
25045,
31750,
359006,
53725,
277715,
369006,
490598,
268372,
38819,
24340,
335423,
41102,
399405,
368101,
25972,
25974,
336463,
440070,
333960,
490434,
33898,
399405,
399405,
399405,
334624,
376937,
55559,
490839,
16675,
27281,
334551,
57681,
53170,
56664,
55188,
336437,
32495,
57222,
327202,
24631,
484654,
25045,
41102,
60947,
334551,
479669,
60947,
5453,
59190,
479669,
479669,
479669,
36263,
221653,
368106,
50794,
221653,
41102,
300743,
41391,
41391,
484980,
334624,
59190,
474401,
306045,
221653,
221653,
221653,
221653,
221653,
221653,
221653,
334551,
334551,
334551,
27052,
29763,
335024,
65005,
50794,
50794,
41102,
41102,
19071,
57396,
36938,
37893,
331577,
58857,
490598,
53983,
55127,
333784,
40402,
490598,
490598,
490598,
490598,
490598,
490598,
359209,
21355,
459205,
459205,
25063,
53983,
55362,
26612,
56249,
331690,
53983,
53983,
53983,
336334,
333960,
44207,
357036,
29763,
5707,
330496,
58857,
58857,
32813,
25045,
55934,
335084,
56236,
13548,
17694,
421711,
25420,
13548,
13548,
13548,
13548,
13548,
13548,
40327,
54062,
2842,
460479,
27223,
331185,
484690,
42611,
29239,
31415,
59139,
335436,
368101,
56170,
58553,
65005,
65005,
25045,
451577,
490839,
26683,
358988,
367004,
474401,
502122,
4378,
354514,
37640,
40229,
55407,
335495,
64470,
336535,
398405,
248647,
28636,
28636,
28636,
28636,
26157,
368101,
62291,
461730,
333112,
330510,
333112,
26123,
55359,
37672,
468992,
41473,
468992,
468992,
340783,
58833,
8675,
53338,
368106,
62867,
442839,
304203,
442839,
304203,
56158,
461730,
26600,
59190,
35765,
330369,
474401,
461730,
442850,
38814,
17694,
452648,
58790,
53784,
57372,
359133,
55367,
56445,
55387,
490839,
490839,
490839,
490839,
490839,
490839,
43171,
25033,
57310,
23830,
53671,
359117,
451577,
451577,
451577,
40080,
31779,
55195,
369006,
64376,
27761,
31779,
31779,
27153,
452648,
56375,
35765,
330369,
491400,
27130,
452648,
24515,
331581,
452648,
368984,
452648,
451577,
459205,
489293,
55359,
37672,
55559,
59225,
392430,
32299,
25467,
54263,
306017,
369063,
59190,
14728,
289900,
289944,
289973,
289981,
289900,
289944,
289973,
289981,
248452,
57396,
59139,
52838,
357886,
29969,
5487,
366927,
6432,
288654,
61098,
38356,
425205,
57478,
322361,
34521,
57396,
21355,
427977,
54244,
54269,
331535,
40151,
41826,
331601,
7833,
430373,
54335,
55398,
30147,
55241,
484690,
32813,
313845,
32813,
313845,
32813,
313845,
32813,
313845,
32813,
313845,
32813,
313845,
32813,
313845,
31172,
34871,
332330,
359307,
359307,
335084,
58996,
58997,
31841,
335084,
53275,
42873,
56706,
225348,
468992,
38781,
39508,
54886,
368106,
54886,
368106,
331185,
368101,
368106,
25586,
58923,
332474,
54824,
451577,
451577,
53063,
5258,
484708,
57921,
39373,
359307,
327202,
327202,
327202,
9816,
461723,
335630,
32112,
53387,
57921,
39373,
494414,
257290,
219503,
219503,
219503,
26195,
219503,
489293,
335954,
335954,
335065,
40402,
56556,
404448,
473487,
41100,
15977,
24515,
451577,
55977,
451577,
451577,
461723,
316841,
38981,
40151,
41826,
331601,
23113,
331909,
2665,
27771,
58744,
56631,
340786,
52838,
57883,
334905,
331520,
58624,
24492,
388324,
248722,
460429,
23113,
334620,
330900,
51644,
55567,
37014,
368101,
368101,
368101,
368101,
368101,
368101,
368101,
368101,
368101,
54857,
368028,
24028,
2725,
38309,
54656,
37950,
2725,
15977,
15977,
25870,
15977,
15977,
15977,
15977,
52572,
54592,
35602,
334399,
336782,
333112,
359307,
42873,
56464,
330445,
288643,
327253,
357026,
19952,
57563,
398403,
23113,
335630,
321317,
369006,
366900,
57093,
491630,
383517,
383516,
457864,
55803,
335061,
491400,
33630,
357886,
366910,
23113,
41100,
42873,
42873,
42873,
42873,
42873,
42873,
42873,
42873,
42873,
42873,
41473,
56170,
56171,
54606,
43346,
362787,
457864,
38981,
42918,
24873,
332437,
357839,
54060,
56907,
57329,
34199,
52982,
57059,
57426,
58749,
56841,
23113,
35742,
333792,
333792,
335669,
333792,
40118,
53338,
487919,
31698,
61841,
353597,
366964,
54062,
300743,
300743,
300743,
369036,
53707,
53708,
505941,
428706,
58408,
369036,
50807,
55318,
50807,
50807,
331520,
331520,
13729,
24347,
369036,
336794,
362633,
57362,
33341,
34538,
37576,
25332,
288643,
5572,
288669,
35299,
334126,
336334,
419922,
368070,
461723,
461723,
26683,
428083,
61072,
24631,
57291,
403031,
403031,
335423,
26683,
57393,
53338,
399391,
399391,
331055,
353597,
24984,
56822,
34538,
404448,
404448,
53059,
484719,
383517,
383516,
383517,
383516,
383517,
383516,
383517,
383516,
383517,
383516,
383517,
383516,
383517,
383516,
383517,
383516,
3794,
301506,
7701,
34538,
331125,
56907,
54749,
23150,
333808,
33082,
53612,
37950,
27281,
359051,
335423,
461723,
355228,
38176,
335954,
461723,
461723,
55339,
331909,
35534,
42188,
373641,
330789,
24856,
53210,
54253,
331185,
335065,
335065,
335065,
335423,
335425,
54586,
54299,
54410,
56170,
56171,
333786,
57395,
334812,
57327,
5707,
55351,
331676,
34736,
336535,
52947,
36784,
56158,
19078,
331581,
41102,
366064,
34735,
421696,
461728,
56551,
58069,
19403,
54656,
54678,
54727,
57008,
251492,
334363,
55083,
44207,
44207,
52464,
336334,
336334,
336786,
37950,
37950,
37950,
54250,
401794,
37950,
5490,
37550,
37550,
37550,
37550,
37550,
37550,
30862,
461779,
401794,
362694,
55567,
269334,
55513,
428107,
269334,
269334,
22103,
54250,
397106,
54954,
318404,
26982,
53147,
425205,
54573,
57551,
56986,
54656,
54678,
1926,
55109,
311651,
5231,
359185,
37047,
24981,
60603,
56054,
24981,
31061,
31841,
30643,
54725,
335452,
331208,
9376,
35660,
54637,
1440,
282833,
331185,
55977,
353436,
38820,
54263,
336261,
331208,
378570,
491400,
59658,
57624,
491400,
331079,
27771,
33618,
31303,
236761,
491776,
359736,
34338,
52834,
33631,
44608,
58348,
56890,
31750,
39492,
26069,
27858,
27858,
39930,
25246,
50042,
26801,
461779,
25246,
27577,
230251,
230251,
1604,
54248,
331055,
331125,
52859,
52725,
57656,
46252,
46748,
44906,
455556,
22922,
356739,
55689,
19253,
53270,
9376,
428706,
357036,
331628,
38092,
42808,
57484,
57930,
56579,
30348,
356727,
359657,
401809,
16674,
36282,
24776,
287417,
25420,
45318,
57635,
359719,
334307,
16674,
36282,
38981,
374511,
41858,
16674,
36282,
16674,
36282,
374511,
16674,
36282,
374511,
57945,
362610,
53784,
32722,
353410,
55943,
55943,
41102,
362787,
56667,
32199,
21957,
59140,
306171,
27830,
472323,
330811,
403031,
53502,
24602,
53058,
55049,
333779,
57484,
54235,
27830,
472323,
57484,
57484,
362682,
398403,
55431,
54178,
54205,
57584,
359719,
25993,
28008,
56462,
368070,
358966,
18517,
41102,
1595,
54877,
459191,
459218,
25536,
53694,
54079,
474116,
392430,
24645,
455553,
37209,
331470,
331909,
331909,
419922,
330665,
331734,
339956,
57008,
25536,
362787,
362787,
55061,
34697,
22948,
56203,
53387,
24924,
25536,
330369,
369049,
28523,
34543,
24732,
427678,
54668,
53119,
58408,
359091,
330504,
257248,
24856,
398403,
335630,
33630,
14909,
279612,
57008,
355153,
54591,
54274,
54637,
54637,
369021,
53487,
331470,
368047,
436054,
286529,
62831,
286807,
378570,
461695,
332448,
309219,
461695,
332448,
461695,
332448,
14986,
31810,
368070,
484499,
335839,
19076,
55477,
55535,
55603,
4091,
59283,
4091,
303593,
1268,
288669,
56419,
490912,
45022,
55318,
55726,
53282,
366981,
52838,
461779,
427977,
411602,
23991,
23993,
23991,
23993,
53671,
55945,
55304,
419911,
451543,
335792,
368070,
55642,
13729,
13729,
366956,
461779,
5514,
53931,
257205,
398403,
398403,
330612,
4464,
57542,
60282,
288660,
30943,
5147,
25894,
25923,
384667,
59272,
54349,
455525,
55318,
55726,
57557,
25318,
472323,
25246,
25246,
25246,
25246,
25246,
55456,
33251,
335417,
55197,
17694,
7552,
461695,
332448,
27591,
333423,
4464,
362668,
28523,
57315,
356727,
446868,
42188,
55113,
428840,
362787,
25536,
23575,
419908,
19075,
55477,
28523,
297216,
461695,
332448,
28523,
334273,
25536,
57210,
53818,
362787,
5326,
333675,
26003,
56995,
24879,
55805,
56813,
355228,
57813,
57814,
455569,
451543,
333091,
221154,
336261,
451543,
27830,
472323,
279612,
279612,
279612,
279612,
367011,
57900,
53265,
55270,
55413,
52834,
54083,
33196,
24099,
56203,
32942,
332330,
461695,
451543,
362787,
53814,
330742,
451543,
53304,
33438,
419920,
428722,
404448,
357246,
24645,
335621,
56419,
33319,
57500,
26735,
24713,
4091,
481911,
55752,
428840,
35742,
368084,
56475,
380896,
455568,
35893,
368088,
53350,
419920,
428722,
57500,
26735,
23113,
7833,
331581,
331581,
428840,
54171,
55752,
64175,
379577,
19952,
52834,
13729,
56468,
331581,
334381,
331581,
331581,
27577,
330789,
38258,
53305,
5572,
334736,
58340,
343613,
3668,
25069,
54595,
52813,
55148,
428840,
40327,
297216,
39421,
45531,
333027,
331779,
55444,
353602,
369006,
286529,
428562,
5573,
392020,
24028,
31300,
303593,
25135,
25900,
25135,
24732,
55367,
36987,
19071,
55447,
34283,
430441,
54263,
31810,
15036,
53981,
377810,
336267,
56686,
332297,
57070,
52910,
54273,
343613,
261250,
323061,
54349,
53007,
472323,
472323,
42820,
430441,
377810,
357026,
4400,
59140,
57347,
366939,
330811,
30643,
369065,
1440,
369031,
24099,
25304,
19479,
56718,
334409,
57662,
359099,
457740,
428706,
57373,
430441,
19121,
56649,
55622,
56539,
56741,
461668,
359132,
16674,
36282,
332871,
16674,
36282,
16674,
36282,
56171,
362615,
262347,
32462,
460461,
460462,
331634,
54904,
38258,
15700,
40933,
15828,
475076,
26408,
366964,
55477,
55603,
331909,
56314,
331187,
277910,
335704,
53265,
55270,
24742,
335704,
335704,
15828,
27492,
54139,
401809,
55994,
54943,
54071,
54931,
335612,
1268,
332297,
39550,
37471,
41551,
57079,
330510,
2268,
334245,
19952,
57563,
353420,
5697,
440081,
57538,
331484,
56686,
56299,
27830,
52797,
53063,
5258,
54598,
359135,
359134,
25592,
56157,
26408,
53931,
55413,
359719,
39421,
52982,
228944,
366939,
55491,
33196,
334183,
358977,
306017,
54071,
335612,
336729,
57468,
24053,
39550,
37471,
41551,
30736,
35730,
301506,
53244,
455561,
35730,
57226,
35730,
362633,
4444,
53824,
56978,
55759,
53231,
331577,
286529,
53733,
57569,
343613,
261250,
286529,
233971,
460412,
53007,
54297,
233971,
343613,
261250,
55404,
56441,
54275,
24099,
26295,
262347,
57227,
25675,
26504,
32942,
58790,
52999,
24737,
42188,
402998,
42188,
58790,
42188,
42188,
42188,
44608,
54141,
35790,
36140,
35790,
36140,
44608,
31750,
14875,
35790,
36140,
31841,
20952,
368084,
257192,
55455,
53782,
53837,
33082,
29611,
331281,
54076,
56277,
56462,
24743,
331490,
24631,
36533,
57293,
27830,
56277,
56462,
25135,
50042,
366962,
34338,
15803,
20487,
20487,
15803,
59285,
27240,
52314,
366981,
19076,
55628,
33736,
13308,
267242,
330494,
31050,
21665,
358963,
368065,
330494,
330494,
33590,
1926,
41102,
34556,
333156,
457852,
457855,
502122,
484690,
24325,
27891,
25420,
31486,
55188,
14860,
330494,
53676,
27595,
26265,
11785,
23144,
17694,
17694,
11785,
23144,
11785,
23144,
59283,
333027,
331779,
57945,
362610,
324988,
56727,
30917,
6897,
428840,
56355,
56886,
52456,
57969,
5707,
57771,
53119,
57587,
53505,
262347,
29552,
32722,
262347,
262347,
19076,
55628,
59225,
335425,
257248,
25900,
233218,
52667,
357198,
330811,
55771,
53931,
57021,
440083,
227462,
39373,
56062,
358997,
57134,
306017,
227462,
440083,
366922,
330535,
332804,
25900,
52994,
334620,
330608,
366962,
22034,
56877,
56512,
57569,
54076,
60930,
4091,
385425,
459191,
459218,
328815,
23936,
333648,
55598,
362731,
60043,
31717,
328815,
18370,
56707,
267402,
55911,
328815,
328815,
4596,
53063,
5258,
57730,
330494,
330494,
330494,
330494,
54314,
57393,
53387,
27595,
330494,
278995,
330494,
330494,
56390,
330494,
330494,
330494,
55807,
57022,
11785,
23144,
31662,
53692,
55905,
55757,
299643,
24717,
428711,
52420,
52511,
55206,
54275,
369065,
330789,
53875,
56686,
31172,
25500,
33907,
357886,
25900,
31662,
333877,
52851,
366899,
27153,
52638,
57377,
333831,
55713,
331197,
55173,
53904,
57557,
55817,
34428,
32445,
56957,
57146,
56930,
330369,
335423,
335425,
366939,
53847,
54159,
28842,
288630,
330460,
57752,
39421,
28006,
24120,
366969,
57113,
323061,
14986,
53475,
53360,
28006,
12311,
446868,
12311,
494390,
366910,
335425,
53845,
53749,
53760,
57585,
56282,
14541,
14541,
14541,
349290,
359192,
359201,
54248,
369117,
419296,
14028,
455574,
39421,
33354,
14028,
55398,
30147,
14028,
56778,
56411,
55339,
55413,
55708,
288622,
55074,
55455,
333112,
13382,
13382,
32722,
13382,
24559,
32722,
55549,
34541,
55416,
13382,
57921,
39373,
13382,
428840,
282833,
24509,
369065,
366900,
53517,
368065,
59277,
24743,
362789,
20145,
20145,
20145,
23787,
374511,
27577,
369021,
369022,
20839,
55183,
321265,
334396,
55195,
34582,
30722,
18370,
19253,
34338,
18370,
19253,
18370,
54748,
26408,
29910,
31669,
55166,
55037,
484643,
57823,
52859,
359283,
54248,
55477,
41794,
294303,
5490,
56542,
25681,
52999,
5573,
57135,
55177,
55754,
16845,
334273,
436054,
49892,
34314,
56767,
4310,
30401,
56736,
26265,
58408,
54259,
16845,
49892,
57478,
56236,
25304,
336267,
335423,
262347,
8873,
335423,
335423,
335423,
26235,
26235,
331738,
336129,
55318,
49317,
56536,
57535,
52492,
334409,
331312,
16958,
55911,
54148,
56888,
54147,
55958,
334409,
16958,
30862,
52982,
54748,
428722,
333666,
53774,
32942,
332330,
34357,
34357,
19403,
54727,
5490,
25596,
58408,
330510,
58408,
5490,
31841,
33129,
46557,
5514,
5515,
19403,
54727,
419935,
64772,
58408,
13729,
13729,
56697,
25409,
321265,
57118,
54076,
53689,
53783,
451552,
54637,
368088,
491630,
24221,
55822,
57092,
3973,
13729,
13729,
52447,
359091,
3668,
24102,
332948,
56531,
290860,
13729,
13729,
32696,
55314,
32388,
55584,
55520,
13729,
55141,
56566,
334399,
336782,
331080,
52909,
52982,
57672,
33082,
359032,
38158,
11785,
23144,
27190,
3973,
38158,
11785,
23144,
350035,
54853,
27543,
34521,
11785,
23144,
334183,
19952,
55250,
50130,
54957,
57563,
55417,
34556,
452639,
460479,
326287,
2665,
452639,
353366,
34556,
50042,
55351,
7078,
331676,
32199,
26162,
64553,
369016,
23787,
24852,
490432,
53775,
56948,
29884,
54326,
55665,
54335,
487898,
17322,
57848,
54853,
27543,
331224,
55043,
54853,
59285,
53189,
26029,
25796,
53980,
57227,
58340,
297216,
26408,
340786,
331197,
31124,
366969,
335630,
340783,
27891,
27891,
16471,
419916,
362775,
335425,
16471,
55817,
57033,
25108,
57576,
355469,
57703,
229855,
15624,
57719,
24535,
16471,
57576,
357797,
357798,
57512,
455557,
38873,
5573,
52689,
25616,
52689,
25616,
52689,
25616,
17322,
25318,
52689,
25616,
54275,
24737,
52689,
25616,
33082,
25318,
33082,
17322,
64571,
54148,
56888,
54147,
55958,
330426,
55559,
57059,
27830,
472323,
64944,
362704,
319116,
331849,
53574,
24757,
52910,
32112,
56336,
31124,
397106,
494379,
371852,
24429,
26420,
32704,
330931,
56005,
368050,
253238,
53875,
485034,
27197,
55577,
56526,
56654,
64571,
368106,
31669,
57672,
321328,
368106,
31669,
57538,
54378,
31669,
485034,
54076,
31264,
64571,
12813,
222918,
334520,
53788,
27296,
333027,
331779,
334520,
366924,
333666,
55610,
333666,
54390,
334987,
35376,
54771,
57396,
32696,
56577,
54970,
11873,
57059,
287474,
333877,
440070,
345065,
267242,
35376,
24429,
367000,
25596,
27537,
336129,
336129,
7078,
55118,
357797,
56778,
54748,
460411,
368070,
55243,
55592,
49525,
56841,
56841,
24731,
55534,
357804,
16918,
16918,
56841,
57951,
16918,
331197,
20931,
24097,
50276,
20931,
334576,
20931,
20931,
55037,
331197,
56961,
55953,
19952,
57563,
58877,
54164,
54725,
37656,
257248,
502149,
334576,
25409,
63497,
58877,
371852,
20931,
20931,
54115,
353376,
20931,
53733,
53875,
369053,
421704,
24713,
24799,
334798,
57671,
366956,
366955,
31986,
64224,
494390,
25430,
49188,
333439,
428212,
510129,
57051,
57035,
311650,
54253,
445431,
233105,
29368,
49188,
45677,
52746,
494390,
333439,
29791,
54290,
49188,
33251,
494390,
327202,
4064,
56661,
385679,
362666,
24801,
32942,
55655,
3792,
63264,
319144,
57900,
32942,
55655,
17632,
54996,
55656,
57771,
55339,
57900,
31720,
33643,
31849,
34471,
56249,
38906,
251496,
53986,
319144,
24742,
53007,
359022,
3961,
54378,
362605,
42245,
13839,
319144,
31720,
33643,
57672,
359099,
53903,
440083,
53574,
24757,
55043,
55463,
55455,
29794,
32705,
27473,
392456,
55945,
55634,
57159,
55359,
30029,
37672,
330510,
31180,
30943,
32112,
54259,
26195,
36861,
440083,
56982,
55589,
57296,
57407,
359133,
24856,
54349,
55534,
331470,
366927,
369031,
29790,
30163,
31291,
57714,
241171,
52626,
25136,
440083,
330510,
53775,
53835,
55413,
31720,
33643,
28171,
52517,
52560,
52562,
52545,
52589,
56528,
24099,
26295,
63497,
53822,
57274,
56671,
28171,
55794,
63497,
33251,
55239,
31088,
24731,
25409,
54259,
57480,
28171,
490432,
17772,
335630,
33630,
369034,
366057,
358984,
330521,
331849,
55151,
55317,
56837,
427739,
55134,
56709,
55830,
57176,
369094,
397466,
14859,
55460,
56436,
56699,
56891,
359336,
32996,
57470,
335216,
14875,
24099,
55399,
55658,
55413,
331773,
55512,
55235,
14678,
57016,
55134,
53244,
414744,
428286,
14678,
510115,
54803,
359135,
369035,
14678,
510115,
29763,
369024,
3864,
25172,
371852,
21650,
412465,
28277,
336786,
52419,
43689,
31792,
59139,
54153,
55765,
371852,
56529,
369139,
56664,
54299,
369049,
369094,
14859,
31124,
32780,
55565,
335630,
21650,
53775,
57032,
13524,
335630,
54895,
25280,
52481,
52597,
53676,
331224,
53931,
359160,
24742,
55373,
32533,
57491,
56384,
24742,
59285,
24742,
53775,
326287,
31687,
43882,
52684,
419922,
25430,
38495,
53063,
5258,
27733,
57730,
5496,
20441,
25205,
331224,
359032,
30163,
31112,
54748,
54107,
20441,
53574,
24757,
47485,
55038,
27771,
55752,
40327,
56727,
30917,
55928,
18465,
377837,
57813,
57814,
57615,
5321,
44452,
4603,
31837,
308058,
24559,
44452,
57813,
57814,
57615,
5321,
308058,
267565,
409574,
59225,
308058,
41100,
31646,
33094,
44452,
52909,
52909,
57813,
57814,
57615,
5321,
56843,
3944,
57813,
57814,
57615,
5321,
409574,
44452,
14875,
331557,
44452,
44452,
44452,
44452,
9816,
308058,
359082,
31172,
57813,
57814,
57615,
5321,
41100,
57813,
57814,
57615,
5321,
359082,
308058,
34233,
26976,
333382,
57749,
57813,
57814,
57615,
5321,
30889,
29775,
26162,
27858,
28008,
369094,
14859,
53845,
53760,
377810,
44452,
41100,
4444,
52910,
341583,
357794,
56362,
55550,
56356,
31415,
46680,
53063,
5258,
57730,
5496,
53350,
25111,
54153,
55413,
55239,
31088,
359680,
29463,
24915,
74302,
74320,
331197,
55766,
53128,
369063,
46680,
510103,
53574,
74302,
74320,
53063,
5258,
57730,
5496,
31720,
33643,
5094,
54189,
54229,
53063,
5258,
57730,
5496,
4215,
56782,
53990,
55777,
25442,
427707,
4444,
27296,
329728,
53063,
5258,
5496,
46727,
53059,
38781,
39508,
7552,
56417,
13794,
28229,
24538,
277028,
56965,
13953,
368070,
53063,
5258,
5496,
52599,
52520,
57250,
30045,
287474,
505806,
38781,
39508,
13794,
56331,
56332,
33225,
56980,
33087,
53218,
53219,
455570,
13794,
13794,
13794,
57470,
13794,
27197,
53336,
54799,
24855,
53295,
13794,
47217,
13953,
38781,
39508,
366922,
13794,
313845,
31693,
39338,
54236,
32365,
30950,
5407,
56727,
30917,
57444,
55083,
53063,
5258,
5496,
59223,
59224,
55184,
28229,
55655,
34521,
56727,
30917,
39392,
333925,
333924,
362754,
55055,
277910,
47217,
53725,
47217,
57032,
52950,
56727,
30917,
4512,
37014,
258352,
35921,
62291,
340779,
54263,
321317,
20876,
257248,
55166,
56561,
56812,
484643,
16675,
55465,
56707,
30163,
20876,
24731,
26029,
34070,
31036,
13442,
455557,
331597,
321317,
343613,
261250,
56456,
56774,
56792,
16675,
2264,
69185,
321317,
54588,
64612,
449235,
55367,
20876,
53210,
25442,
481912,
343613,
261250,
16675,
16675,
25897,
353410,
343613,
261250,
321317,
359091,
359091,
343613,
261250,
20876,
29969,
56936,
60401,
258352,
334863,
16675,
56005,
368050,
321317,
321317,
321317,
53879,
469005,
58348,
30163,
335425,
54124,
56538,
56672,
56772,
333245,
52491,
335425,
335425,
55436,
27240,
52314,
366981,
359146,
333245,
366870,
333911,
366870,
333911,
2766,
53931,
57377,
57506,
53845,
32996,
23495,
55460,
56575,
56891,
52433,
55243,
24429,
26420,
56978,
335425,
335425,
359160,
335425,
52851,
32996,
26982,
53147,
57551,
331312,
53774,
55799,
55860,
366927,
334736,
25304,
65050,
5572,
359201,
359203,
31698,
53244,
55185,
53244,
53244,
41029,
56315,
490434,
341588,
21508,
55647,
24325,
57814,
56421,
331197,
24221,
366057,
25897,
3386,
59285,
21508,
302958,
32556,
331079,
490434,
53861,
54060,
31462,
57137,
57291,
57303,
57313,
21508,
58045,
58055,
331197,
5487,
55642,
57498,
25897,
57309,
57352,
57365,
54749,
23787,
25796,
490434,
331197,
57319,
57394,
32556,
331079,
55100,
21508,
56453,
56610,
33251,
55897,
55871,
55485,
55858,
33783,
359059,
257205,
54326,
57814,
25787,
25371,
55315,
57569,
54139,
55441,
3563,
56692,
57323,
378570,
56535,
57230,
243198,
55477,
3393,
55409,
57813,
57615,
5321,
485075,
3563,
31647,
56416,
56622,
55125,
55126,
64224,
54296,
378570,
55441,
257205,
55513,
359059,
63585,
28006,
57813,
57615,
5321,
44897,
369058,
357798,
243198,
44380,
30792,
57813,
57615,
5321,
57813,
57615,
5321,
54461,
55477,
243198,
52970,
57813,
57615,
5321,
55769,
257205,
53845,
54153,
457926,
56411,
56440,
30029,
56386,
362875,
359160,
52732,
56568,
2725,
3393,
353420,
54275,
2725,
59253,
52980,
52813,
333156,
457852,
457855,
368989,
2673,
38829,
2673,
38829,
2725,
2725,
333156,
457852,
457855,
52964,
55297,
24826,
56454,
32942,
334702,
331223,
31837,
333178,
52684,
3386,
3902,
56417,
56903,
459256,
54140,
56203,
29611,
52450,
58348,
31291,
54140,
10510,
54655,
56080,
288567,
359201,
359203,
25304,
290860,
55297,
55655,
55297,
54188,
54216,
54803,
54217,
58454,
58538,
58543,
58535,
58536,
58537,
55655,
55734,
52514,
53350,
54131,
55297,
56819,
55297,
55513,
335792,
55655,
55655,
5514,
5515,
33152,
31837,
31837,
31837,
359059,
57072,
55734,
55534,
57730,
5496,
62714,
3902,
57813,
57814,
31837,
55655,
57344,
57468,
57556,
33548,
56924,
56996,
33736,
7839,
5514,
56350,
31411,
55453,
57920,
56852,
24852,
25796,
24737,
53903,
57298,
56687,
56800,
55166,
56812,
484643,
225166,
46333,
55758,
55312,
56491,
56531,
52455,
55726,
52602,
54749,
53918,
56727,
30917,
56507,
56509,
359099,
55312,
366917,
368084,
55032,
55143,
31403,
55128,
56672,
56439,
56461,
5496,
54683,
56471,
56555,
56330,
56558,
331696,
353382,
56751,
24852,
52633,
430441,
267242,
4603,
55617,
11186,
29552,
49520,
28008,
26982,
53147,
45178,
45697,
57059,
37127,
45178,
55535,
56625,
57595,
53994,
56434,
55048,
55750,
57432,
57406,
2842,
25285,
331419,
56466,
56788,
25994,
31810,
21401,
55061,
32445,
55943,
26982,
53147,
368023,
10766,
21500,
367027,
34233,
55713,
55063,
53044,
56466,
56788,
57377,
57227,
21401,
57396,
55752,
55749,
13945,
23999,
54953,
53427,
54384,
411602,
55398,
449209,
449209,
45178,
54301,
455563,
10766,
323157,
56271,
10766,
56633,
55379,
54024,
55827,
57322,
57059,
37127,
331597,
32482,
385398,
55204,
53725,
306171,
45178,
24756,
55910,
56492,
56483,
24864,
369035,
13945,
23571,
53031,
53218,
53365,
330956,
55074,
55455,
45178,
330789,
366064,
366064,
366064,
53692,
53835,
369021,
55900,
7562,
57717,
54158,
55900,
56489,
56711,
53517,
27577,
11862,
368975,
34741,
37014,
32114,
32490,
325098,
55838,
31312,
366064,
58348,
53676,
287474,
56464,
55900,
366064,
54895,
58348,
53692,
53775,
57167,
61613,
24721,
53219,
59139,
35711,
57352,
59139,
367033,
359051,
366956,
57351,
24180,
57450,
288652,
366064,
56353,
56801,
24698,
25400,
25439,
25572,
55639,
32369,
33087,
357026,
366064,
56700,
57246,
56762,
56824,
428722,
487898,
335216,
445435,
222918,
54221,
54189,
445435,
334382,
57480,
52622,
57548,
27591,
53265,
30045,
32014,
40346,
502122,
55436,
22640,
56611,
55760,
33702,
222918,
57230,
29368,
222918,
27591,
29368,
55559,
57230,
56297,
56659,
29368,
335216,
54164,
362632,
24499,
63025,
40346,
502122,
222918,
21107,
52813,
15888,
29700,
31180,
29368,
55078,
475076,
15888,
353436,
54694,
29368,
353382,
362668,
15888,
55096,
34351,
57392,
318404,
56286,
26265,
55734,
53044,
402998,
34741,
37014,
325098,
325099,
53265,
56054,
57307,
362694,
53265,
366940,
27591,
286529,
56762,
56824,
5901,
30045,
30643,
271111,
53210,
481912,
54683,
59140,
53845,
5487,
56536,
55943,
297216,
57722,
54749,
52442,
257248,
54749,
57468,
57556,
57517,
55954,
502122,
257248,
59140,
297216,
237029,
53845,
57615,
5321,
55455,
55647,
57615,
5321,
251496,
257248,
54637,
53114,
353379,
57697,
55134,
359139,
31887,
32297,
34955,
26195,
52599,
55760,
33702,
331405,
52442,
5433,
54749,
32724,
55169,
54337,
57551,
331312,
63899,
428932,
331405,
57274,
445431,
55180,
231985,
53845,
5487,
56331,
63899,
428932,
54124,
52442,
53706,
331405,
243797,
334382,
353415,
54749,
24120,
32976,
31348,
54943,
31312,
331405,
52442,
55822,
55082,
64038,
58021,
333156,
52487,
56531,
55239,
31088,
369035,
25855,
33665,
54269,
33402,
55771,
57227,
32976,
31348,
29663,
31462,
331405,
252853,
56985,
56985,
251496,
27041,
28019,
237029,
54749,
63899,
491778,
27449,
331580,
25304,
427457,
25855,
55777,
57444,
427678,
59307,
56363,
52553,
362668,
427457,
25739,
55055,
21481,
25855,
58019,
53795,
25855,
59190,
27595,
53210,
25855,
25739,
55734,
55734,
55734,
55734,
55409,
56384,
366962,
25855,
30711,
369049,
335844,
427457,
331744,
487898,
446868,
55094,
56556,
54060,
53838,
369093,
59285,
53986,
366962,
57813,
24429,
56961,
53879,
469005,
25855,
54888,
404490,
27041,
362668,
362668,
56569,
55055,
5572,
24028,
333174,
455557,
331597,
57072,
56943,
32704,
61072,
56556,
398405,
427678,
24099,
24028,
333174,
52483,
55056,
34136,
62714,
59190,
55441,
24099,
24028,
333174,
31698,
427678,
54982,
56375,
455550,
24623,
362668,
333172,
52586,
55055,
33251,
55126,
31698,
52498,
62714,
5448,
427678,
25855,
31698,
427678,
27870,
58025,
54595,
53986,
362668,
277910,
362668,
366962,
427678,
55734,
54793,
14113,
427678,
13258,
49317,
54143,
277910,
331744,
44520,
366962,
52572,
35602,
25855,
54595,
369031,
427457,
366962,
32472,
26801,
13258,
33251,
366962,
55055,
25855,
27870,
52613,
31264,
31400,
58013,
25855,
55385,
53986,
55385,
55318,
25855,
21481,
27870,
3382,
331744,
25994,
57097,
428706,
427457,
54588,
427678,
356751,
24429,
5407,
55734,
53749,
25889,
27449,
331580,
55734,
55734,
55734,
55055,
27066,
56566,
56530,
54595,
62714,
56881,
22392,
56271,
33251,
57298,
21481,
59285,
33251,
53986,
25855,
33251,
31400,
58013,
27870,
49317,
40402,
55373,
32533,
56277,
25855,
56283,
55642,
398405,
57813,
427457,
33251,
55771,
54070,
5157,
47701,
53904,
359098,
56747,
55669,
56542,
56813,
56646,
52596,
24053,
53822,
38521,
353415,
56646,
353415,
57327,
26213,
301506,
56479,
46217,
33736,
55750,
5059,
57534,
57661,
331597,
55031,
55900,
58042,
55491,
323061,
56332,
55817,
55892,
56367,
54843,
353415,
55444,
57274,
56765,
26656,
455554,
54158,
54131,
56844,
56386,
52505,
56417,
45027,
57557,
3668,
57948,
56842,
56613,
56858,
56311,
55534,
267242,
56646,
14048,
56301,
56799,
52435,
57498,
56739,
53822,
267242,
57814,
55202,
56445,
54895,
55900,
53721,
55162,
56690,
54131,
53011,
366927,
331820,
402998,
323061,
56316,
52597,
56575,
55463,
481911,
53987,
55615,
52449,
56813,
267242,
52613,
55143,
56444,
56778,
54590,
22273,
267225,
56501,
55113,
353415,
23162,
57274,
52516,
53987,
56412,
55367,
31462,
53822,
330535,
55128,
55820,
55534,
55456,
26786,
55456,
55730,
49945,
45596,
55031,
57814,
52526,
56417,
56666,
45596,
56778,
331597,
56032,
52671,
331597,
56508,
284702,
55830,
57176,
57672,
55429,
366910,
55128,
54188,
54211,
57468,
55669,
34521,
57468,
35118,
54062,
267242,
267242,
56804,
45596,
38761,
53822,
55456,
56645,
54062,
49945,
54748,
57468,
330927,
56495,
34521,
52516,
34521,
332968,
34521,
55900,
56286,
5572,
55043,
54131,
56443,
56503,
54037,
56351,
55463,
56355,
56905,
56542,
56542,
56454,
57948,
56366,
56417,
57948,
56436,
335639,
56431,
290860,
460518,
56523,
56486,
24259,
27577,
32976,
257193,
244820,
323061,
53721,
52608,
323061,
56792,
56435,
56454,
55202,
55646,
56672,
56842,
55754,
57321,
56778,
53011,
415166,
56535,
56852,
24942,
52416,
56431,
55536,
56536,
55031,
32413,
55955,
57814,
56536,
55463,
55444,
56685,
52547,
56852,
29611,
55954,
56449,
56454,
56609,
55574,
35273,
55456,
53788,
359397,
56804,
52587,
54894,
25034,
55120,
401809,
359050,
56739,
53011,
53011,
380819,
56479,
5901,
22273,
55490,
334798,
57671,
366956,
56825,
55799,
56531,
56564,
290860,
460518,
56672,
56844,
4886,
56301,
56778,
23162,
287417,
56792,
53944,
56739,
53504,
359034,
56846,
460513,
56720,
56669,
33898,
57188,
56496,
27577,
56473,
58131,
55109,
25897,
56158,
41102,
52964,
54070,
55934,
58340,
53956,
53949,
34543,
357246,
56665,
57489,
34543,
34094,
57358,
54205,
57714,
241171,
53956,
56743,
54188,
55985,
56459,
46902,
55794,
25897,
53504,
359034,
52443,
57714,
241171,
55152,
32299,
55550,
24713,
56846,
26123,
56562,
57714,
241171,
57489,
53808,
34338,
55109,
55934,
54904,
53273,
65369,
22034,
57188,
56586,
335452,
57714,
241171,
55349,
57188,
25897,
57170,
57500,
26735,
32976,
335452,
55510,
57848,
57544,
55513,
64376,
34543,
27858,
54188,
346648,
24535,
55109,
55762,
31986,
56612,
55777,
56743,
335452,
376113,
53575,
56631,
27858,
53775,
52813,
54384,
27858,
56579,
26123,
55782,
56356,
34543,
34543,
52964,
376113,
54384,
56158,
34543,
56158,
316813,
54141,
331419,
57714,
241171,
56897,
56729,
57489,
55436,
30824,
369024,
37576,
52737,
64376,
306133,
22034,
403031,
3944,
57310,
25505,
57170,
53504,
359034,
63688,
54188,
57170,
32976,
46902,
56499,
55934,
55078,
55037,
358984,
34543,
55083,
53504,
359034,
57310,
56846,
56665,
52964,
57310,
335454,
57500,
26735,
52737,
56846,
57310,
57714,
241171,
57377,
57565,
335607,
3944,
54549,
54566,
55148,
57714,
241171,
57714,
241171,
53808,
50510,
57711,
58340,
55083,
56271,
460518,
25897,
56854,
56936,
55874,
53498,
430215,
35299,
376113,
53007,
359022,
55078,
57156,
55413,
54952,
53775,
50510,
24259,
27219,
58340,
376113,
57714,
241171,
55007,
52588,
57500,
26735,
335607,
25430,
53692,
55774,
64516,
57432,
57406,
34101,
52964,
25787,
54141,
57057,
374510,
52546,
56579,
57714,
241171,
289900,
289944,
289973,
289981,
289993,
58131,
34543,
56630,
53949,
30222,
54970,
335792,
53808,
56612,
376113,
56421,
53808,
31986,
34543,
34543,
54530,
27858,
56586,
54188,
52580,
33898,
58340,
55071,
57156,
52546,
56271,
362743,
34338,
65369,
53808,
30222,
57156,
56833,
57310,
34543,
31172,
357833,
357832,
357836,
357837,
47335,
56894,
333112,
55851,
56965,
368992,
57655,
33651,
54938,
55779,
56735,
57523,
368086,
455544,
40080,
33225,
56980,
54485,
34630,
53904,
54485,
32482,
290860,
351825,
56829,
337768,
25302,
55679,
59006,
31172,
52830,
40080,
31736,
61989,
34576,
54144,
397466,
55455,
321543,
60723,
451552,
457864,
54938,
32482,
43643,
23787,
54121,
54189,
54719,
455563,
335491,
54485,
33651,
52826,
55593,
34003,
376903,
55647,
55754,
53517,
55533,
55838,
290860,
54210,
57542,
11028,
32369,
340786,
22113,
4091,
54250,
56490,
53980,
57506,
59033,
55754,
54240,
57920,
54250,
24936,
25519,
56994,
36780,
32193,
55679,
53612,
55679,
391401,
54186,
57347,
57771,
57478,
57242,
54349,
53825,
53904,
55633,
56965,
359381,
31411,
54210,
8190,
292896,
54186,
40080,
5059,
57661,
37414,
38936,
38700,
40541,
47335,
55647,
32482,
53517,
57731,
55647,
56997,
55781,
32112,
23830,
55594,
30722,
40080,
30722,
362743,
31736,
58996,
58997,
54186,
368992,
351825,
53825,
55915,
358963,
455561,
56659,
54144,
397466,
53517,
54843,
54886,
391401,
25111,
55943,
57291,
38818,
35517,
56167,
55390,
57293,
57671,
54843,
54886,
292896,
34630,
55779,
32482,
332013,
52999,
391401,
28278,
55779,
55390,
57624,
391401,
25430,
25591,
32193,
57057,
290860,
31750,
33651,
11028,
33659,
25705,
24652,
47335,
432510,
53517,
55452,
33651,
290860,
53904,
56490,
53007,
359022,
30722,
57347,
55452,
53904,
52830,
57444,
377810,
57159,
6259,
378570,
33512,
54940,
290860,
56677,
55452,
290860,
32482,
32369,
52830,
34576,
53517,
34003,
55961,
52338,
368088,
57234,
32482,
391401,
54189,
53825,
24171,
7701,
24172,
57727,
33612,
57234,
58996,
58997,
401794,
368088,
368088,
484719,
38533,
427725,
32223,
316958,
58744,
7562,
57717,
368088,
55452,
332013,
56032,
32369,
351825,
290860,
54153,
55754,
56653,
54210,
33651,
55779,
53517,
56735,
56965,
33651,
56965,
55754,
54938,
31172,
54719,
455563,
335491,
54485,
353366,
30722,
25833,
54153,
55390,
334736,
57587,
56907,
334736,
55567,
24959,
57921,
39373,
57557,
397106,
55398,
62832,
54795,
340781,
43233,
334736,
54870,
5572,
397106,
21635,
334798,
366956,
57692,
385398,
55957,
34100,
370240,
54795,
31348,
56314,
57343,
330742,
30711,
52732,
385398,
54843,
368106,
57293,
52860,
31691,
42918,
43233,
57293,
31691,
64470,
30514,
55918,
56314,
53823,
446868,
31769,
25430,
359117,
55398,
31691,
31950,
54795,
27190,
334736,
54719,
401809,
401809,
445431,
369035,
33336,
369057,
56012,
285698,
30711,
33341,
282833,
31950,
359139,
56936,
4961,
238799,
243524,
57450,
24756,
455573,
54273,
54335,
55303,
25330,
43233,
24959,
4961,
54799,
33618,
57662,
39560,
34461,
36673,
49520,
52667,
44045,
385398,
330512,
24959,
369101,
369126,
334798,
366956,
55908,
57523,
368086,
359139,
55771,
366927,
56314,
58493,
44045,
54259,
21635,
356739,
369139,
370240,
57377,
22103,
46306,
55063,
334736,
57329,
455550,
57662,
334736,
359050,
58593,
31950,
53133,
53133,
26683,
359139,
5572,
31348,
268352,
385398,
54933,
52667,
46306,
55994,
57450,
355196,
19817,
9294,
57492,
31691,
340781,
29380,
55188,
53133,
25467,
63397,
29380,
25420,
53218,
53219,
54719,
31691,
56984,
53133,
22103,
53703,
25917,
244867,
54259,
40402,
31950,
6941,
57662,
31415,
54608,
26525,
22103,
401809,
57432,
54803,
40402,
22103,
42918,
44045,
335844,
57008,
57307,
358963,
55198,
54719,
399391,
355196,
59277,
31415,
21635,
52667,
32807,
57900,
31950,
62832,
63281,
29969,
33206,
57766,
341601,
33206,
53059,
57307,
336129,
36317,
29999,
57662,
49520,
5572,
44045,
64470,
282833,
236822,
55198,
56936,
306045,
262422,
225259,
54795,
399391,
220829,
56012,
336798,
6941,
56012,
331696,
56203,
385398,
52667,
31950,
33206,
53059,
57448,
31950,
29971,
54573,
55994,
399391,
25467,
54759,
27537,
55759,
52910,
447835,
31810,
340781,
56984,
54259,
36806,
27577,
4886,
24756,
455573,
54301,
428256,
63397,
57692,
57921,
39373,
44045,
31415,
29999,
54795,
57377,
58593,
34094,
55760,
33702,
43233,
63397,
56984,
379613,
220829,
54573,
52859,
54335,
22103,
379613,
57766,
57181,
54259,
55183,
57692,
56907,
56203,
57583,
428256,
56012,
21635,
54799,
340781,
31810,
54184,
31462,
56984,
54259,
27537,
355196,
57921,
39373,
306045,
262422,
54608,
26525,
334736,
252651,
33341,
32453,
29999,
53218,
53219,
64470,
334736,
40402,
30711,
59277,
25318,
455554,
334736,
31415,
334736,
40402,
56203,
53069,
42955,
56936,
30514,
369065,
54772,
359209,
359209,
39156,
334382,
54843,
54248,
57512,
55831,
24717,
428711,
455543,
455544,
55985,
257185,
457926,
57495,
53275,
57346,
55874,
55407,
26600,
52982,
30927,
55648,
30964,
57672,
53980,
54235,
449209,
54274,
60143,
56986,
25309,
57211,
54939,
54564,
56980,
40605,
459191,
459218,
64175,
333664,
25280,
336432,
53044,
253238,
38069,
359006,
53338,
54235,
472323,
445431,
54164,
457926,
368984,
56271,
56742,
56671,
26414,
26416,
33898,
29404,
34351,
55755,
57368,
52970,
28008,
33898,
29791,
330994,
457926,
55180,
57496,
336432,
30921,
55743,
57418,
26672,
53387,
26224,
57329,
31198,
57529,
56401,
36935,
26224,
26224,
57506,
333664,
49273,
57672,
29657,
30964,
332118,
26224,
57096,
57635,
54235,
56924,
25844,
440070,
54606,
54880,
54772,
57672,
359185,
32199,
57096,
54564,
332709,
30862,
57118,
7860,
64060,
33898,
57564,
24855,
57551,
457926,
368984,
55246,
56980,
56671,
336432,
31717,
25136,
53044,
34326,
8967,
54895,
54772,
54263,
54263,
53608,
52794,
457926,
55931,
56249,
319116,
43913,
34897,
52794,
319116,
24855,
57544,
57534,
57211,
455523,
56943,
31926,
54859,
57578,
57571,
7701,
26224,
359663,
53151,
34536,
56271,
38819,
460518,
53275,
366154,
56249,
2842,
55954,
41037,
220014,
55803,
14795,
35118,
459191,
459218,
25280,
459194,
489297,
33840,
55425,
55173,
53044,
54711,
53275,
31312,
457926,
29404,
57505,
26600,
362655,
455567,
455568,
39492,
52794,
57480,
38069,
57403,
24855,
13308,
57288,
56401,
7701,
29763,
55331,
57358,
57362,
57672,
368984,
53814,
457926,
57574,
55239,
31088,
58592,
25318,
26825,
335392,
335394,
53417,
57544,
35668,
7701,
457926,
359091,
33451,
35839,
7701,
55407,
54895,
30254,
33451,
58963,
57762,
3785,
275603,
54895,
54296,
257219,
30005,
57556,
57486,
52794,
359209,
54493,
35865,
367007,
55239,
31088,
57569,
53218,
57969,
57505,
30964,
36558,
54620,
56381,
32174,
24756,
491069,
41473,
30029,
54299,
32429,
49273,
55256,
2842,
56401,
54617,
27733,
53757,
377810,
36320,
59039,
257219,
59215,
40047,
57504,
427608,
457926,
353379,
54880,
57394,
25318,
64175,
30964,
57564,
28008,
29763,
24799,
421704,
57335,
53417,
55180,
53044,
34665,
55425,
62321,
57459,
14795,
336432,
23936,
333648,
57734,
39492,
359091,
55256,
377810,
7860,
53218,
25280,
316827,
57346,
54606,
31441,
34326,
40047,
445431,
35817,
57230,
55239,
31088,
32342,
57343,
57635,
57444,
457926,
26672,
29404,
253238,
26029,
54321,
57672,
57467,
428962,
369155,
427608,
57635,
333462,
31717,
35828,
34113,
54292,
430239,
27761,
30964,
32342,
57571,
38176,
7701,
53087,
57230,
257219,
1168,
31184,
341583,
57556,
53745,
29783,
35668,
55180,
54564,
53295,
445431,
377810,
57351,
334382,
54665,
35668,
353429,
55239,
31088,
57480,
484690,
34707,
57358,
31198,
54164,
334798,
40605,
36935,
55197,
57396,
54292,
54263,
57176,
55243,
377810,
367007,
57360,
31312,
36558,
56980,
54248,
56932,
29791,
336432,
397466,
33730,
59283,
7860,
54124,
2842,
54895,
377810,
455567,
455568,
336432,
368984,
472323,
57396,
34351,
57529,
26029,
359135,
55190,
369141,
359209,
55755,
57569,
38176,
57059,
53980,
25155,
23936,
333648,
253238,
54564,
26224,
34942,
27733,
25280,
53218,
54758,
57486,
54164,
54326,
369071,
33898,
57506,
28006,
56054,
53491,
13308,
30927,
24171,
24172,
31312,
36558,
55180,
54001,
60043,
54564,
31198,
54606,
55239,
31088,
39492,
244689,
33921,
53745,
30147,
31198,
57346,
37960,
54939,
334382,
53387,
42366,
340787,
31745,
38176,
54809,
55744,
25280,
29791,
55239,
31088,
54332,
457926,
57211,
53044,
26580,
54164,
2842,
53481,
27718,
58748,
56157,
34750,
225259,
351763,
57569,
55246,
57396,
54337,
33730,
1168,
55197,
7860,
55197,
55954,
25280,
29657,
30029,
57556,
457926,
58748,
53087,
55680,
53275,
55246,
54877,
41713,
56005,
57556,
55748,
26672,
54263,
38069,
55185,
25727,
56671,
330994,
26825,
335392,
332054,
335394,
26672,
52635,
25318,
29657,
57525,
32199,
53850,
368984,
55246,
253238,
369101,
437045,
57571,
55743,
369117,
359135,
359006,
397466,
369094,
25309,
31198,
56271,
57667,
56062,
57667,
53690,
53151,
359091,
57486,
55185,
53170,
57396,
460518,
33780,
55197,
57521,
359192,
29657,
56249,
13308,
13308,
13308,
13308,
24717,
428711,
30964,
24756,
4310,
36558,
54809,
62321,
23936,
333648,
396873,
57314,
36320,
55407,
25280,
52794,
334382,
55407,
31717,
13597,
32342,
34326,
39492,
53690,
55069,
57396,
61760,
29404,
445431,
42366,
53275,
457926,
32342,
55725,
42366,
55185,
351079,
489288,
369055,
58027,
34600,
334383,
4081,
25209,
26148,
369058,
24864,
47856,
359160,
63939,
36002,
63939,
24799,
25993,
369063,
28019,
334418,
359082,
25302,
24102,
332948,
55351,
331676,
43409,
57671,
24839,
25304,
57227,
331566,
369085,
359043,
24826,
26420,
336269,
369035,
359595,
37975,
24826,
55351,
331676,
359043,
24864,
58589,
24826,
331566,
321549,
24826,
58832,
25208,
29552,
334157,
369053,
24826,
26386,
336129,
336736,
369126,
26222,
359008,
327253,
359082,
24826,
369020,
332829,
359059,
369128,
359210,
369127,
369053,
359774,
366910,
359210,
369128,
362670,
57697,
368091,
404448,
369058,
368106,
479679,
58625,
373610,
5215,
461695,
53502,
455534,
368106,
445435,
455570,
334554,
257193,
228532,
357086,
26801,
460488,
57671,
403031,
333027,
331779,
484565,
25505,
388324,
368086,
55745,
24610,
40346,
51768,
366910,
334902,
274821,
368086,
274821,
440090,
369128,
359059,
484565,
55659,
25209,
368106,
278045,
55745,
385601,
26801,
25304,
26825,
330999,
353420,
487898,
26825,
455543,
332013,
333184,
366910,
455561,
38981,
55468,
333178,
457879,
54211,
369035,
24826,
362729,
330999,
34864,
334409,
457879,
25129,
455556,
55224,
455544,
368047,
53219,
55745,
385601,
332013,
34864,
330992,
359160,
25556,
330496,
332939,
26801,
29552,
55354,
333657,
58832,
368106,
403031,
47856,
359680,
369039,
257200,
369022,
369035,
369021,
55393,
327253,
358975,
358997,
373610,
24826,
35548,
455567,
57323,
369036,
5697,
33447,
419922,
455561,
491718,
494484,
369034,
455568,
440090,
369021,
368047,
336736,
25304,
369013,
369029,
359132,
362666,
362666,
359043,
369016,
331055,
369126,
359680,
353420,
26260,
369063,
369034,
359680,
37975,
455550,
368026,
490912,
45022,
369034,
359623,
332013,
330669,
357829,
457879,
502122,
362729,
330562,
332357,
369127,
369031,
25208,
54211,
351775,
25304,
334273,
455544,
491718,
32600,
455556,
336156,
362666,
440077,
26222,
397472,
334273,
419927,
455568,
47856,
35920,
335392,
335394,
31663,
369111,
419922,
457879,
24799,
34600,
26286,
494525,
257193,
57323,
455563,
369039,
25302,
369035,
333779,
334554,
57722,
455549,
419920,
356839,
359050,
359172,
369027,
333027,
331779,
459253,
40346,
53365,
359102,
346648,
25304,
359210,
335392,
335394,
369085,
369039,
327253,
368086,
334490,
332939,
357086,
25682,
330496,
369035,
369039,
369085,
369035,
369039,
369039,
257200,
369063,
336736,
57323,
55806,
359210,
42150,
52962,
359212,
58832,
334157,
455567,
455554,
455550,
419920,
25556,
25363,
28278,
325069,
36192,
440090,
228532,
421704,
332013,
455549,
405985,
494484,
455570,
502122,
52910,
25335,
369021,
228532,
330562,
332357,
257193,
34600,
455573,
63939,
362666,
25993,
25985,
457782,
330931,
29552,
26386,
229027,
25505,
50760,
457879,
34676,
40683,
359043,
56863,
419927,
50760,
455573,
359666,
24413,
26217,
52910,
455543,
53365,
490912,
359133,
455557,
459194,
362729,
359082,
25363,
55482,
37975,
24826,
26801,
35920,
455554,
334307,
334307,
334307,
330562,
332357,
455567,
455549,
373610,
505941,
33164,
369035,
327253,
388324,
484565,
26801,
455574,
455573,
461695,
419922,
25304,
60154,
24267,
40346,
455556,
26801,
331444,
5215,
330496,
40327,
25304,
25304,
57323,
25363,
332120,
359210,
369016,
336267,
359043,
369035,
419922,
26801,
251492,
334363,
334554,
369116,
60154,
228229,
29552,
55728,
461710,
455534,
460433,
388324,
248722,
24180,
32704,
505941,
505941,
25208,
331520,
505941,
272463,
459194,
419927,
7197,
359210,
57781,
362729,
362729,
368086,
440090,
419927,
55222,
24864,
459194,
455544,
57227,
5697,
455574,
455557,
455544,
58576,
419927,
336267,
484565,
33164,
440090,
57730,
455573,
461710,
55820,
455568,
26222,
459256,
55468,
369053,
331711,
455561,
385601,
25304,
25363,
25302,
330562,
332357,
455570,
58633,
457879,
490912,
59225,
455557,
330931,
25682,
368086,
55222,
423942,
330828,
34547,
336736,
24102,
332948,
419922,
330669,
357829,
455550,
25034,
362658,
24762,
336267,
330496,
369020,
455568,
55222,
55224,
57730,
369128,
26260,
455554,
270725,
369126,
25304,
35920,
335392,
335394,
388324,
335392,
335394,
25505,
332013,
24267,
331520,
24623,
369022,
336327,
455570,
38981,
455575,
334554,
369122,
54783,
31967,
36818,
32200,
4498,
53219,
358247,
321549,
59225,
351605,
455554,
55224,
53365,
427521,
369031,
28019,
369039,
42150,
37975,
359680,
419922,
24826,
331520,
455568,
54698,
455569,
334409,
368086,
32819,
334485,
334424,
334489,
228532,
25363,
368086,
332297,
55659,
55222,
460480,
334554,
334383,
4081,
42150,
455557,
457782,
46082,
440090,
359680,
369027,
487898,
468988,
251492,
334363,
445435,
455544,
353436,
455554,
24180,
26148,
425210,
457782,
455550,
369016,
25912,
459252,
53219,
35478,
455568,
34547,
63939,
26286,
7197,
38981,
468988,
455550,
330562,
332357,
455556,
368026,
38981,
359210,
460486,
331419,
55241,
39843,
357804,
455567,
359027,
53502,
4498,
369063,
369034,
357838,
54070,
5215,
331566,
369021,
334879,
362666,
32114,
37812,
25985,
24826,
359022,
51768,
455544,
359051,
24799,
357838,
52707,
455556,
5697,
24799,
25210,
445435,
487898,
351775,
368086,
24799,
36192,
369031,
369063,
62291,
340779,
484654,
362729,
359059,
24180,
270666,
248452,
240073,
62352,
267311,
286594,
362865,
285698,
491630,
335844,
230812,
353441,
24386,
332903,
24483,
359004,
351272,
362875,
26408,
318394,
37256,
484909,
312655,
427895,
45470,
334039,
505963,
357026,
428590,
47073,
369072,
367191,
45522,
336786,
367138,
362731,
492173,
364873,
284189,
55863,
229060,
428932,
484699,
364877,
281799,
485073,
59646,
490727,
39642,
335871,
336149,
58365,
333462,
333790,
239144,
484699,
297292,
334039,
271375,
26069,
43395,
36794,
2371,
27269,
3864,
25172,
490623,
484699,
426114,
339237,
294442,
26739,
335173,
373591,
42644,
389862,
40124,
47729,
271111,
331535,
42562,
37597,
14909,
9002,
335262,
41132,
226784,
334039,
362705,
428590,
323159,
366984,
239144,
339237,
491630,
332027,
35855,
43643,
280621,
332348,
6525,
8922,
306358,
376937,
355562,
297652,
46037,
369006,
333398,
351404,
356727,
7789,
60302,
332943,
376937,
384556,
363060,
333654,
230395,
333097,
227133,
336786,
250437,
252607,
312655,
41958,
26859,
35930,
48923,
334245,
335173,
40124,
388329,
330759,
334259,
357026,
362704,
373591,
221048,
261441,
406958,
43030,
45369,
332053,
25291,
331323,
43591,
362875,
332540,
330554,
362875,
428590,
334595,
303593,
336637,
335998,
39977,
37425,
229027,
386520,
46433,
341590,
387278,
58643,
351717,
366897,
243797,
299573,
31471,
329728,
219535,
42383,
370132,
48877,
26764,
58922,
373591,
248426,
349290,
332709,
229921,
373641,
333236,
25291,
276784,
329728,
330744,
330959,
58580,
41377,
302958,
307188,
330759,
7286,
363060,
58643,
32490,
351404,
307188,
379577,
288791,
24332,
364890,
38167,
240073,
272487,
366984,
255254,
244036,
45470,
326310,
330954,
331049,
333454,
334039,
376918,
41391,
355167,
39845,
287417,
333473,
267311,
284189,
37425,
334756,
42644,
379526,
229855,
37256,
373652,
491327,
42644,
35930,
47729,
59299,
34750,
6531,
43160,
225259,
216888,
330501,
271111,
2164,
36491,
39714,
51664,
363102,
359004,
494525,
287417,
339237,
385482,
333989,
39451,
331444,
366054,
334629,
406958,
491436,
388329,
369071,
427895,
330759,
355224,
491696,
485073,
428152,
333236,
268582,
492067,
291232,
366975,
274819,
271361,
58639,
64041,
428286,
271128,
334987,
260071,
234105,
61438,
335956,
406969,
491626,
231278,
502253,
485073,
26739,
335616,
334261,
48159,
500645,
23619,
37559,
37256,
457923,
349864,
276784,
384700,
430483,
32490,
491235,
48018,
357797,
272458,
9375,
60503,
406958,
271128,
477341,
491696,
320422,
48009,
290056,
234105,
317197,
234105,
351588,
53401,
335862,
334245,
317197,
332943,
332054,
61666,
331577,
42562,
276784,
331079,
428060,
219122,
271111,
428053,
332901,
260071,
244797,
227133,
427676,
222173,
323427,
61666,
332672,
510103,
234105,
26408,
40006,
302318,
241073,
502161,
333790,
362905,
268372,
34814,
27678,
334756,
316918,
62887,
369071,
25291,
351577,
230812,
491235,
5901,
491997,
485177,
307188,
52614,
366897,
5514,
333077,
24499,
63025,
330759,
333309,
6531,
7789,
35855,
257290,
362704,
287417,
292907,
357198,
366984,
427895,
490471,
21852,
339351,
457923,
38227,
358243,
64974,
15828,
9002,
376954,
2959,
331035,
357798,
350035,
262427,
7465,
26639,
56737,
44266,
257229,
490623,
335262,
26295,
243389,
502177,
234105,
323156,
51063,
62887,
37155,
366897,
38071,
38901,
339237,
283335,
225348,
15828,
334595,
234105,
24483,
278995,
351763,
362771,
42644,
332569,
21904,
337676,
315990,
244036,
330759,
353441,
31471,
39977,
290892,
332672,
47397,
326310,
262692,
241820,
333462,
336221,
226839,
5514,
335956,
366977,
7555,
21852,
42644,
350035,
39813,
373591,
59299,
336111,
362875,
330959,
271111,
62861,
367191,
373591,
236800,
510115,
510115,
322405,
302318,
331228,
510115,
255254,
2959,
490727,
272881,
369071,
266470,
262427,
63025,
321328,
510115,
287417,
357793,
271128,
335874,
60282,
362732,
58638,
345065,
292923,
384556,
379577,
362743,
428590,
23310,
43030,
64041,
330759,
60282,
34814,
332054,
225094,
490727,
25675,
26504,
427676,
308109,
428932,
232599,
267311,
335321,
333725,
6525,
363102,
229921,
297652,
359281,
428286,
26504,
362743,
55837,
37845,
330744,
330947,
336221,
336149,
35930,
485073,
7286,
428244,
7489,
48009,
369072,
491329,
333462,
353432,
279794,
505806,
334342,
356727,
331444,
288791,
428590,
333784,
236800,
335024,
267314,
239489,
367146,
362705,
26764,
43160,
331989,
334017,
257287,
271111,
248426,
336111,
334595,
59299,
331444,
335495,
34750,
287417,
510115,
240073,
428590,
47537,
330954,
331049,
333454,
373591,
335862,
323159,
47729,
330501,
43586,
243797,
333792,
62888,
333385,
369006,
376954,
24332,
335927,
297285,
313873,
253599,
353451,
333236,
43672,
64116,
42644,
251497,
380909,
35930,
227222,
491475,
38521,
62915,
24386,
240073,
287417,
23310,
243528,
351734,
7341,
25407,
236800,
38071,
48009,
335956,
428932,
283137,
2959,
59876,
272487,
334342,
64516,
239744,
61723,
37152,
36491,
226144,
499316,
59876,
279794,
297292,
61054,
26095,
35929,
40190,
35299,
428286,
504951,
60503,
267402,
362905,
280731,
406958,
302318,
334786,
362732,
362732,
328071,
234105,
331205,
362771,
37431,
492067,
367000,
335871,
375526,
362743,
362771,
48923,
36478,
428840,
47073,
427707,
23830,
42763,
313779,
262434,
335062,
263535,
392456,
316918,
1440,
7489,
7286,
430367,
23885,
307188,
313873,
320391,
276784,
2959,
243391,
272458,
48877,
226784,
333145,
502149,
271128,
379577,
64974,
226898,
389862,
37544,
357797,
357798,
335874,
389862,
510115,
494451,
331943,
341590,
328815,
234105,
332821,
428932,
510115,
510115,
37256,
510115,
330501,
234105,
333462,
504951,
428120,
35299,
266470,
325280,
287417,
428590,
430504,
51268,
427856,
492152,
61989,
268372,
428053,
25675,
491080,
61080,
505963,
59299,
334245,
48159,
267311,
389859,
491262,
307188,
42942,
38787,
376954,
336786,
320422,
386520,
490471,
35855,
332348,
335871,
457923,
48877,
333398,
243604,
428714,
271111,
333398,
47729,
392141,
63652,
50403,
217859,
373591,
43591,
376954,
384588,
294442,
427482,
334381,
276784,
25291,
320422,
335844,
490684,
25739,
332053,
24332,
6525,
47709,
428590,
388970,
491235,
257547,
329728,
43160,
335998,
428590,
428756,
358988,
367004,
311689,
266306,
274819,
375526,
341590,
370132,
250437,
284802,
331444,
427895,
491329,
221599,
15828,
437045,
236944,
375526,
450243,
492152,
428286,
45022,
288791,
491194,
379526,
333352,
353435,
315990,
485180,
36478,
438649,
264864,
38521,
38787,
301559,
362682,
52327,
239489,
24509,
491328,
326310,
485073,
336462,
294442,
45470,
276784,
330501,
491329,
48877,
362771,
37544,
491194,
221599,
370132,
357793,
37252,
428053,
373591,
384588,
61432,
47709,
271361,
230849,
286011,
507228,
287417,
288602,
355562,
292907,
492173,
331490,
333989,
333462,
280621,
62352,
336081,
26764,
490727,
62352,
437218,
331106,
330947,
257547,
48018,
321543,
34675,
334604,
335998,
336221,
6278,
334342,
58643,
24427,
330535,
40097,
333439,
428212,
260071,
312655,
340784,
491385,
427482,
39714,
428840,
330501,
34750,
318404,
48877,
234105,
334017,
43395,
23830,
43643,
234105,
279794,
463760,
358988,
367004,
61666,
392456,
331444,
332748,
272881,
336029,
428286,
335956,
450243,
21904,
43591,
362875,
446879,
331035,
366054,
366063,
271111,
3864,
25172,
1696,
37252,
38292,
336430,
357846,
331940,
64516,
37152,
351866,
284189,
335862,
243389,
368070,
330369,
6531,
362775,
366984,
333077,
385679,
362905,
292907,
225348,
330535,
54224,
366975,
334149,
52609,
26838,
292923,
335669,
323159,
366899,
334560,
362778,
230251,
60927,
255876,
385414,
42653,
306358,
274819,
336786,
328071,
221687,
255876,
367138,
248452,
355613,
336786,
309884,
266470,
377186,
302958,
250829,
25223,
330501,
335871,
330535,
5901,
39451,
332648,
335738,
313873,
362775,
253265,
362918,
36365,
330744,
37425,
357845,
62915,
286011,
366975,
230251,
491262,
325060,
225391,
368061,
294220,
367000,
287417,
62831,
220014,
250829,
277028,
330959,
428286,
336788,
491696,
8747,
336111,
229855,
351496,
376937,
6168,
37559,
42644,
50656,
38521,
62352,
270782,
313873,
9374,
62290,
227133,
336111,
330710,
2959,
26408,
329728,
332962,
267311,
243391,
330495,
45795,
367175,
309884,
272927,
334576,
806,
230395,
362775,
336685,
321543,
41811,
332330,
276784,
262434,
6133,
37991,
333172,
248495,
62858,
332116,
38416,
291232,
7789,
307241,
225348,
45470,
6531,
280621,
284802,
292923,
330759,
48275,
308109,
286594,
2864,
331940,
7286,
334017,
368975,
43643,
364916,
355167,
331820,
321371,
334245,
330759,
355562,
234105,
3864,
25172,
335495,
437218,
330947,
359004,
428714,
252607,
324137,
257290,
50403,
8922,
332793,
317272,
24311,
313873,
335998,
302958,
268372,
252607,
428212,
41377,
351717,
280731,
499316,
504951,
355419,
230170,
335262,
39665,
367000,
8873,
297285,
257433,
60402,
3864,
25172,
332348,
359281,
257287,
368988,
222173,
47729,
227462,
302938,
339237,
60927,
41958,
331379,
333072,
42662,
334039,
362778,
350366,
502149,
335959,
38123,
49771,
24499,
63025,
248722,
362691,
261441,
53774,
64516,
330759,
42653,
337676,
331722,
339237,
228229,
42692,
21852,
334560,
330554,
302318,
249267,
243213,
230099,
27761,
334629,
334987,
62887,
267314,
63126,
369072,
336132,
271111,
62831,
271375,
376954,
311689,
460538,
362938,
257547,
23885,
491241,
362771,
491930,
366965,
234032,
299637,
334987,
351734,
301559,
362775,
311689,
334560,
24386,
367146,
51664,
35930,
313873,
51268,
286011,
430483,
40006,
357881,
323159,
323169,
366977,
7387,
266470,
335024,
330635,
271111,
358988,
367004,
316918,
491630,
362731,
335495,
60290,
485073,
351024,
25739,
333790,
492173,
369072,
362743,
7555,
362875,
499278,
428107,
334259,
60302,
259064,
297285,
230170,
485073,
42653,
48877,
376937,
426114,
334259,
51664,
492173,
336786,
60282,
364890,
225348,
332709,
299643,
332943,
287439,
490471,
334595,
362773,
392141,
335871,
362905,
306358,
386520,
234105,
43160,
406958,
302318,
421696,
333654,
24234,
255876,
280621,
457924,
351404,
430367,
313873,
491080,
362896,
362705,
279794,
62887,
428286,
234826,
336599,
330954,
331049,
333454,
359592,
331379,
2164,
15828,
491235,
353451,
336081,
55540,
336369,
339237,
43030,
26408,
63652,
297292,
320422,
37152,
373652,
335998,
3056,
223877,
331557,
37155,
320422,
60282,
330731,
304290,
63025,
47073,
331820,
24408,
26121,
332027,
60349,
351404,
358988,
334245,
331444,
267314,
41811,
230117,
384700,
271361,
334381,
23885,
43672,
8747,
285902,
43591,
26764,
367138,
287417,
363102,
243391,
369006,
34814,
299573,
294158,
46037,
2140,
287417,
2259,
8342,
260054,
336637,
363102,
25170,
362905,
485073,
335262,
42942,
62352,
313873,
25291,
333989,
309884,
